      recon_loss         kl_loss
41.244159698486328 1.9613361358642578
41.385684967041016 1.9497063159942627
41.528587341308594 1.9482223987579346
41.537734985351562 1.9448409080505371
41.554508209228516 1.942858099937439
41.596046447753906 1.9387885332107544
41.623889923095703 1.935004711151123
41.670631408691406 1.9345517158508301
42.072677612304688 1.9339170455932617
42.169727325439453 1.9331259727478027
42.172214508056641 1.9323660135269165
42.235954284667969 1.9286434650421143
42.321659088134766 1.9285337924957275
42.353466033935547 1.9246648550033569
42.406990051269531 1.9233543872833252
42.550186157226562 1.9232360124588013
42.634902954101562 1.914146900177002
42.700481414794922 1.9115955829620361
43.332122802734375 1.9081863164901733
43.869194030761719 1.9079000949859619
43.962150573730469 1.9052793979644775
43.963996887207031 1.8971961736679077
44.522846221923828 1.8904293775558472
44.844970703125 1.8885631561279297
44.943954467773438 1.8884989023208618
45.041603088378906 1.8826090097427368
45.0673828125 1.8775396347045898
45.928455352783203 1.8747265338897705
46.137435913085938 1.8712612390518188
46.251522064208984 1.8633749485015869
47.419784545898438 1.8614503145217896
47.646644592285156 1.8606721162796021
47.728347778320312 1.8579648733139038
47.794334411621094 1.8549536466598511
47.850513458251953 1.8490533828735352
48.342475891113281 1.8470548391342163
48.550750732421875 1.8437018394470215
48.97271728515625 1.8372553586959839
49.446678161621094 1.8283451795578003
49.850547790527344 1.8246147632598877
49.918342590332031 1.8219839334487915
50.369258880615234 1.8176839351654053
50.803077697753906 1.8160889148712158
50.81414794921875 1.8152047395706177
50.977859497070312 1.8107752799987793
51.023109436035156 1.8050240278244019
51.365943908691406 1.8033210039138794
51.753250122070312 1.80170738697052
51.786628723144531 1.7826839685440063
53.15252685546875 1.7690865993499756
53.636306762695312 1.7689979076385498
53.780662536621094 1.7686313390731812
53.870735168457031 1.7684242725372314
53.873119354248047 1.7676054239273071
53.907016754150391 1.7632170915603638
54.209014892578125 1.7589280605316162
54.489978790283203 1.7554603815078735
54.787422180175781 1.7504346370697021
55.212577819824219 1.7498879432678223
55.269035339355469 1.7491484880447388
55.581047058105469 1.74715256690979
55.604629516601562 1.7459399700164795
55.668441772460938 1.7425916194915771
55.718891143798828 1.7409424781799316
55.732635498046875 1.7400796413421631
55.760955810546875 1.7371217012405396
55.995540618896484 1.7371103763580322
56.014274597167969 1.7327477931976318
56.359748840332031 1.7298030853271484
56.537944793701172 1.7251439094543457
56.787185668945312 1.7180147171020508
57.319278717041016 1.7177976369857788
57.540298461914062 1.7105306386947632
57.712860107421875 1.7103705406188965
57.98486328125 1.7087783813476562
58.272819519042969 1.7054109573364258
58.303150177001953 1.7045396566390991
58.383071899414062 1.6996899843215942
58.478805541992188 1.6945362091064453
58.677230834960938 1.6740947961807251
60.213699340820312 1.6706043481826782
60.636074066162109 1.6628900766372681
60.993392944335938 1.6574150323867798
61.125400543212891 1.6513837575912476
61.501152038574219 1.6498849391937256
61.570716857910156 1.6373773813247681
62.535381317138672 1.6372014284133911
62.618949890136719 1.6367442607879639
63.239830017089844 1.636427640914917
63.262382507324219 1.6361497640609741
63.290897369384766 1.6307163238525391
63.363990783691406 1.6286816596984863
63.46319580078125 1.6166445016860962
64.406333923339844 1.6116623878479004
64.418228149414062 1.6035318374633789
64.853652954101562 1.6020900011062622
64.999092102050781 1.5947706699371338
66.052703857421875 1.5939657688140869
66.120361328125 1.5932687520980835
66.16162109375 1.5876932144165039
67.239982604980469 1.5847156047821045
67.269027709960938 1.5642449855804443
67.689659118652344 1.5603742599487305
67.966911315917969 1.5601400136947632
68.521797180175781 1.5403361320495605
69.735038757324219 1.531467080116272
70.445083618164062 1.5284585952758789
72.081192016601562 1.5261272192001343
72.279769897460938 1.5130307674407959
72.929054260253906 1.5099861621856689
73.35992431640625 1.4948399066925049
74.067001342773438 1.4929038286209106
74.141265869140625 1.4904401302337646
74.239974975585938 1.4880107641220093
74.427024841308594 1.4840189218521118
74.612983703613281 1.4773159027099609
74.96954345703125 1.4744354486465454
75.335014343261719 1.4724819660186768
76.769081115722656 1.4701607227325439
77.064254760742188 1.4653332233428955
77.861404418945312 1.462385892868042
78.671600341796875 1.4432623386383057
78.7088623046875 1.440178394317627
79.432723999023438 1.4267724752426147
80.561126708984375 1.4223477840423584
81.537971496582031 1.4210153818130493
81.879920959472656 1.4206727743148804
82.234184265136719 1.4149883985519409
82.249588012695312 1.4137036800384521
83.525802612304688 1.3941144943237305
84.606330871582031 1.3890279531478882
84.938652038574219 1.3874772787094116
85.102500915527344 1.3808937072753906
86.760345458984375 1.3765422105789185
87.469734191894531 1.3697464466094971
88.700393676757812 1.3613176345825195
90.470779418945312 1.3430923223495483
91.187141418457031 1.3373725414276123
91.521392822265625 1.3309754133224487
93.663307189941406 1.3236513137817383
95.974533081054688 1.3220832347869873
96.130218505859375 1.3183342218399048
100.20556640625 1.2958976030349731
100.640869140625 1.2844973802566528
101.58677673339844 1.2810646295547485
103.58824157714844 1.2795583009719849
103.87754821777344 1.2783405780792236
103.89759826660156 1.2730742692947388
104.86754608154297 1.2676398754119873
106.08039855957031 1.23314368724823
110.28158569335938 1.2285579442977905
113.28137969970703 1.2169735431671143
116.22552490234375 1.1976816654205322
117.22405242919922 1.1884415149688721
127.82052612304688 1.1839344501495361
128.95863342285156 1.1612498760223389
133.13731384277344 1.1591875553131104
135.45321655273438 1.1570096015930176
136.68783569335938 1.1566457748413086
136.85707092285156 1.1265350580215454
140.92579650878906 1.1225899457931519
142.0396728515625 1.0896037817001343
163.60423278808594 1.0895916223526001
164.76490783691406 1.084255576133728
164.95489501953125 1.0840508937835693
165.61190795898438 1.0673485994338989
169.43632507324219 1.0671775341033936
170.43206787109375 1.0631811618804932
170.86489868164062 1.0562897920608521
174.62252807617188 1.0050803422927856
179.84805297851562 0.98788756132125854
181.98924255371094 0.9743230938911438
200.18943786621094 0.96621555089950562
205.59515380859375 0.96267116069793701
211.936279296875 0.96010249853134155
214.50897216796875 0.94577634334564209
221.77554321289062 0.89547210931777954
229.03594970703125 0.89294183254241943
248.92936706542969 0.88483566045761108
258.24444580078125 0.84223508834838867
264.7972412109375 0.82346361875534058
274.51199340820312 0.82079923152923584
276.24624633789062 0.81000715494155884
277.02001953125 0.8040471076965332
278.8387451171875 0.80315041542053223
285.35833740234375 0.7899358868598938
288.458984375 0.77866792678833008
295.16796875 0.77099555730819702
296.43157958984375 0.7604098916053772
296.63400268554688 0.75482714176177979
300.2227783203125 0.75408828258514404
301.51498413085938 0.74898606538772583
304.02236938476562 0.7383759617805481
307.30712890625 0.73761975765228271
309.115478515625 0.73599529266357422
310.7236328125 0.73093187808990479
313.463623046875 0.72139465808868408
321.9241943359375 0.71151149272918701
325.06436157226562 0.70822882652282715
326.73370361328125 0.69836366176605225
332.23272705078125 0.68864303827285767
338.52627563476562 0.65387076139450073
343.43295288085938 0.64870715141296387
347.68112182617188 0.64798617362976074
354.39215087890625 0.62515872716903687
361.04302978515625 0.62202805280685425
362.48770141601562 0.62155497074127197
364.74737548828125 0.62103545665740967
372.01950073242188 0.61311548948287964
372.34771728515625 0.59648418426513672
375.67300415039062 0.58305460214614868
379.67022705078125 0.56753808259963989
385.02197265625 0.56324255466461182
386.88818359375 0.56233227252960205
389.4189453125 0.56061708927154541
390.24737548828125 0.55028039216995239
395.67681884765625 0.53850334882736206
399.3868408203125 0.53488469123840332
403.5252685546875 0.52690345048904419
413.8929443359375 0.52150017023086548
415.72100830078125 0.51139193773269653
421.790283203125 0.50315505266189575
422.61688232421875 0.50007730722427368
434.03021240234375 0.48235923051834106
441.883056640625 0.48052099347114563
453.50308227539062 0.4761582612991333
457.96939086914062 0.46499338746070862
459.75210571289062 0.43951413035392761
465.98736572265625 0.42356240749359131
467.96923828125 0.41569837927818298
471.3829345703125 0.40458506345748901
480.88687133789062 0.39530834555625916
486.7318115234375 0.39475363492965698
516.612548828125 0.38451686501502991
525.1689453125 0.36757135391235352
529.871826171875 0.36384597420692444
541.7686767578125 0.36315619945526123
547.80126953125 0.35273697972297668
552.28497314453125 0.3236553966999054
555.98046875 0.31000080704689026
569.41900634765625 0.27632182836532593
583.65130615234375 0.26420134305953979
712.176513671875 0.22300471365451813
731.90740966796875 0.17677560448646545
762.51544189453125 0.16182108223438263
785.1849365234375 0.15142978727817535
798.5281982421875 0.13040916621685028
807.060302734375 0.12391926348209381
814.2852783203125 0.11956645548343658
824.456298828125 0.10680714249610901
